2.296115458011627197e-01
2.221693545579910278e-01
2.152210474014282227e-01
2.088692486286163330e-01
2.030485421419143677e-01
1.976813375949859619e-01
1.927774548530578613e-01
1.884491741657257080e-01
1.844381093978881836e-01
1.807274818420410156e-01
1.772882789373397827e-01
1.741400808095932007e-01
1.711704730987548828e-01
1.684161871671676636e-01
1.659039855003356934e-01
1.636142134666442871e-01
1.615339219570159912e-01
1.595845222473144531e-01
1.577646434307098389e-01
1.560755372047424316e-01
1.544793546199798584e-01
1.529732197523117065e-01
1.514963954687118530e-01
1.499983072280883789e-01
1.485126167535781860e-01
1.470292955636978149e-01
1.455458998680114746e-01
1.440762579441070557e-01
1.425841599702835083e-01
1.411025822162628174e-01
1.395609378814697266e-01
1.379813551902770996e-01
1.363771706819534302e-01
1.347729712724685669e-01
1.331743448972702026e-01
1.315978169441223145e-01
1.299488544464111328e-01
1.283356845378875732e-01
1.266151964664459229e-01
1.248336583375930786e-01
1.229537874460220337e-01
1.210417449474334717e-01
1.191599071025848389e-01
1.173236891627311707e-01
1.155094057321548462e-01
1.136076003313064575e-01
1.116375625133514404e-01
1.096131205558776855e-01
1.076683700084686279e-01
1.057281792163848877e-01
1.037838160991668701e-01
1.017965078353881836e-01
9.980104118585586548e-02
9.783925116062164307e-02
9.587763249874114990e-02
9.393076598644256592e-02
9.191038459539413452e-02
8.989599347114562988e-02
8.790865540504455566e-02
8.589234948158264160e-02
8.391042053699493408e-02
8.196052908897399902e-02
8.007726073265075684e-02
7.821270078420639038e-02
7.637380808591842651e-02
7.449652254581451416e-02
7.264013588428497314e-02
7.079681754112243652e-02
6.902923434972763062e-02
6.732719391584396362e-02
6.571111083030700684e-02
6.417623162269592285e-02
6.270264089107513428e-02
6.126339733600616455e-02
5.986804515123367310e-02
5.847261846065521240e-02
5.713050439953804016e-02
5.584653839468955994e-02
5.459699034690856934e-02
5.337402224540710449e-02
5.220006406307220459e-02
5.111770331859588623e-02
5.005004629492759705e-02
4.901851713657379150e-02
4.801496863365173340e-02
4.703805223107337952e-02
4.609337821602821350e-02
4.516991972923278809e-02
4.431762173771858215e-02
4.350780695676803589e-02
4.274562373757362366e-02
4.198912158608436584e-02
4.126176983118057251e-02
4.057157784700393677e-02
3.991863876581192017e-02
3.928375244140625000e-02
3.867794573307037354e-02
3.808993846178054810e-02
3.753373771905899048e-02
3.697076067328453064e-02
3.643069788813591003e-02
3.590844944119453430e-02
3.539391607046127319e-02
3.489604592323303223e-02
3.440878540277481079e-02
3.393971174955368042e-02
3.348401188850402832e-02
3.303434699773788452e-02
3.259876742959022522e-02
3.217294812202453613e-02
3.175448998808860779e-02
3.134643286466598511e-02
3.094643540680408478e-02
3.054933249950408936e-02
3.015547990798950195e-02
2.975584939122200012e-02
2.935635298490524292e-02
2.895203232765197754e-02
2.853831462562084198e-02
2.812345698475837708e-02
2.770549431443214417e-02
2.729161642491817474e-02
2.687511220574378967e-02
2.645691297948360443e-02
2.604469284415245056e-02
2.562042884528636932e-02
2.519765123724937439e-02
2.477716840803623199e-02
2.435095980763435364e-02
2.392216771841049194e-02
2.349360845983028412e-02
2.306076325476169586e-02
2.262614481151103973e-02
2.218969352543354034e-02
2.174493111670017242e-02
2.130340039730072021e-02
2.086230739951133728e-02
2.042918466031551361e-02
1.999369263648986816e-02
1.956094801425933838e-02
1.913152262568473816e-02
1.870073564350605011e-02
1.827197149395942688e-02
1.784560084342956543e-02
1.742467470467090607e-02
1.700709573924541473e-02
1.659499667584896088e-02
1.618225313723087311e-02
1.577927730977535248e-02
1.537647098302841187e-02
1.497622672468423843e-02
1.457753218710422516e-02
1.418453361839056015e-02
1.380189601331949234e-02
1.342649850994348526e-02
1.304671820253133774e-02
1.266814023256301880e-02
1.230815332382917404e-02
1.195017900317907333e-02
1.159983035176992416e-02
1.125348359346389771e-02
1.091215666383504868e-02
1.057919114828109741e-02
1.024604216217994690e-02
9.922315366566181183e-03
9.607837535440921783e-03
9.294632822275161743e-03
8.988475427031517029e-03
8.693743497133255005e-03
8.406665176153182983e-03
8.126106113195419312e-03
7.853436283767223358e-03
7.589111104607582092e-03
7.331232540309429169e-03
7.076212670654058456e-03
6.833674851804971695e-03
6.599136628210544586e-03
6.369404494762420654e-03
6.148501764982938766e-03
5.935298744589090347e-03
5.727398209273815155e-03
5.526957567781209946e-03
5.333804525434970856e-03
5.146936047822237015e-03
4.968478810042142868e-03
4.796769004315137863e-03
4.629584029316902161e-03
4.470277111977338791e-03
4.318284802138805389e-03
4.172502085566520691e-03
4.031294491142034531e-03
3.896051319316029549e-03
3.765475703403353691e-03
3.640133887529373169e-03
3.520044032484292984e-03
3.404489485546946526e-03
3.293982241302728653e-03
3.187682712450623512e-03
3.085654927417635918e-03
2.988518215715885162e-03
2.895426237955689430e-03
2.805480733513832092e-03
2.718767151236534119e-03
2.636269200593233109e-03
2.556800143793225288e-03
2.480459166690707207e-03
2.407309599220752716e-03
2.337218495085835457e-03
2.269932068884372711e-03
2.205207478255033493e-03
2.142688957974314690e-03
2.082229126244783401e-03
2.024662680923938751e-03
1.969640376046299934e-03
1.916296663694083691e-03
1.865286147221922874e-03
1.816247240640223026e-03
1.769065624102950096e-03
1.723594497889280319e-03
1.679411856457591057e-03
1.637177425436675549e-03
1.596753252670168877e-03
1.557738054543733597e-03
1.520107849501073360e-03
1.483681728132069111e-03
1.448709750548005104e-03
1.414963044226169586e-03
1.382363028824329376e-03
1.350887469016015530e-03
1.320773968473076820e-03
1.291468506678938866e-03
1.263098325580358505e-03
1.235670060850679874e-03
1.209273119457066059e-03
1.183604821562767029e-03
1.158886123448610306e-03
1.134701771661639214e-03
1.111541991122066975e-03
1.089314697310328484e-03
1.067536999471485615e-03
1.046375255100429058e-03
1.025953562930226326e-03
1.006295671686530113e-03
9.871970396488904953e-04
9.684280375950038433e-04
9.503525216132402420e-04
9.329011663794517517e-04
9.160788031294941902e-04
8.996351389214396477e-04
8.835695916786789894e-04
8.678943850100040436e-04
8.528968319296836853e-04
8.381723309867084026e-04
8.237536530941724777e-04
8.097869576886296272e-04
7.961640367284417152e-04
7.829566602595150471e-04
7.701320573687553406e-04
7.576117059215903282e-04
7.454174337908625603e-04
7.335140253417193890e-04
7.219989201985299587e-04
7.107603596523404121e-04
6.997392047196626663e-04
6.889309734106063843e-04
6.784902652725577354e-04
6.682624807581305504e-04
6.583238719031214714e-04
6.486080237664282322e-04
6.389861810021102428e-04
6.297412910498678684e-04
6.207035621628165245e-04
6.118400488048791885e-04
6.031660595908761024e-04
5.946073797531425953e-04
5.863121477887034416e-04
5.782335065305233002e-04
5.702954949811100960e-04
5.624945624731481075e-04
5.549209890887141228e-04
5.474570207297801971e-04
5.402073147706687450e-04
5.331244319677352905e-04
5.261449841782450676e-04
5.193131510168313980e-04
5.126653704792261124e-04
5.060891271568834782e-04
4.997067153453826904e-04
4.934419412165880203e-04
4.872353747487068176e-04
4.811261023860424757e-04
4.751983797177672386e-04
4.694117815233767033e-04
4.637559177353978157e-04
4.581524117384105921e-04
4.526262637227773666e-04
4.472417058423161507e-04
4.419701581355184317e-04
4.368252994026988745e-04
4.317334678489714861e-04
4.267428012099117041e-04
4.218612448312342167e-04
4.170570755377411842e-04
4.122974351048469543e-04
4.076771438121795654e-04
4.031303396914154291e-04
3.986518713645637035e-04
3.942421462852507830e-04
3.899104776792228222e-04
3.856549737975001335e-04
3.814959782175719738e-04
3.774086944758892059e-04
3.733672201633453369e-04
3.694037732202559710e-04
3.655250475276261568e-04
3.617107868194580078e-04
3.579246113076806068e-04
3.542318008840084076e-04
3.505906788632273674e-04
3.470072697382420301e-04
3.434819809626787901e-04
3.399912384338676929e-04
3.365414449945092201e-04
3.332365886308252811e-04
3.299351083114743233e-04
3.266584826633334160e-04
3.234504547435790300e-04
3.202965890523046255e-04
3.172100987285375595e-04
3.141573688481003046e-04
3.111329860985279083e-04
3.081690229009836912e-04
3.052371321246027946e-04
3.023676399607211351e-04
2.995352551806718111e-04
2.967169857583940029e-04
2.939389960374683142e-04
2.912330382969230413e-04
2.885807771235704422e-04
2.859422529581934214e-04
2.833425533026456833e-04
2.807786513585597277e-04
2.782468218356370926e-04
2.757461334113031626e-04
2.732948050834238529e-04
2.708796819206327200e-04
2.684896462596952915e-04
2.661276375874876976e-04
2.638250007294118404e-04
2.615339471958577633e-04
2.592671662569046021e-04
2.570525975897908211e-04
2.548435295466333628e-04
2.526903117541223764e-04
2.505448937881737947e-04
2.484597207512706518e-04
2.463729470036923885e-04
2.443032281007617712e-04
2.422941179247573018e-04
2.402947284281253815e-04
2.383118844591081142e-04
2.363585517741739750e-04
2.344300301047042012e-04
2.325247187400236726e-04
2.306734531885012984e-04
2.288120158482342958e-04
2.269698597956448793e-04
2.251647383673116565e-04
2.233870618510991335e-04
2.216284337919205427e-04
2.198824658989906311e-04
2.181758463848382235e-04
2.164701872970908880e-04
2.147944760508835316e-04
2.131442888639867306e-04
2.115032984875142574e-04
2.098802651744335890e-04
2.082916180370375514e-04
2.067050372716039419e-04
2.051483461400493979e-04
2.036047226283699274e-04
2.020889223786070943e-04
2.005723654292523861e-04
1.990793825825676322e-04
1.976167404791340232e-04
1.961610396392643452e-04
1.947241253219544888e-04
1.933022285811603069e-04
1.918926718644797802e-04
1.905036042444407940e-04
1.891395368147641420e-04
1.877759641502052546e-04
1.864281657617539167e-04
1.851021515903994441e-04
1.837946620071306825e-04
1.824864011723548174e-04
1.811996480682864785e-04
1.799373421818017960e-04
1.786835782695561647e-04
1.774311385815963149e-04
1.762024476192891598e-04
1.749876828398555517e-04
1.737930870149284601e-04
1.726061600493267179e-04
1.714256941340863705e-04
1.702584268059581518e-04
1.691099605523049831e-04
1.679665729170665145e-04
1.668431214056909084e-04
1.657255779718980193e-04
1.646230521146208048e-04
1.635281078051775694e-04
1.624474389245733619e-04
1.613821805221959949e-04
1.603175769560039043e-04
1.592605258338153362e-04
1.582254772074520588e-04
1.571965549373999238e-04
1.561732497066259384e-04
1.551743771415203810e-04
1.541790843475610018e-04
1.531874149804934859e-04
1.522102829767391086e-04
1.512415183242410421e-04
1.502820668974891305e-04
1.493320160079747438e-04
1.483977393945679069e-04
1.474674209021031857e-04
1.465419045416638255e-04
1.456311147194355726e-04
1.447308022761717439e-04
1.438370527466759086e-04
1.429520489182323217e-04
1.420694752596318722e-04
1.411952107446268201e-04
1.403324422426521778e-04
1.394756836816668510e-04
1.386413641739636660e-04
1.378087035845965147e-04
1.369754318147897720e-04
1.361430040560662746e-04
1.353297411696985364e-04
1.345316268270835280e-04
1.337362919002771378e-04
1.329443039139732718e-04
1.321611925959587097e-04
1.313826214754953980e-04
1.306095800828188658e-04
1.298438728554174304e-04
1.290798536501824856e-04
1.283345336560159922e-04
1.275959366466850042e-04
1.268630585400387645e-04
1.261222932953387499e-04
1.254068774869665504e-04
1.246901665581390262e-04
1.239846460521221161e-04
1.232803770108148456e-04
1.225788146257400513e-04
1.218855904880911112e-04
1.211956841871142387e-04
1.205146472784690559e-04
1.198329555336385965e-04
1.191773189930245280e-04
1.185231812996789813e-04
1.178653765236958861e-04
1.172058182419277728e-04
1.165572321042418480e-04
1.159249441116116941e-04
1.152880649897269905e-04
1.146610447904095054e-04
1.140304884756915271e-04
1.134126214310526848e-04
1.127987197833135724e-04
1.121801979024894536e-04
1.115812992793507874e-04
1.109870136133395135e-04
1.103900140151381493e-04
1.097993954317644238e-04
1.092204329324886203e-04
1.086443517124280334e-04
1.080701331375166774e-04
1.074987521860748529e-04
1.069283316610381007e-04
1.063725358108058572e-04
1.058193811331875622e-04
1.052612642524763942e-04
1.047180776367895305e-04
1.041774667100980878e-04
1.036391913658007979e-04
1.031055071507580578e-04
1.025748570100404322e-04
1.020471463561989367e-04
1.015225570881739259e-04
1.010086853057146072e-04
1.004997538984753191e-04
9.998292080126702785e-05
9.947683429345488548e-05
9.898171992972493172e-05
9.848173067439347506e-05
9.798798419069498777e-05
9.750005847308784723e-05
9.701016824692487717e-05
9.652788139646872878e-05
9.604972001397982240e-05
9.557366138324141502e-05
9.510546806268393993e-05
9.463699825573712587e-05
9.417015826329588890e-05
9.371188934892416000e-05
9.325263818027451634e-05
9.279847290599718690e-05
9.235271136276423931e-05
9.190218406729400158e-05
9.145934018306434155e-05
9.102033800445497036e-05
9.058426076080650091e-05
9.014982788357883692e-05
8.972095383796840906e-05
8.929125760914757848e-05
8.886792784323915839e-05
8.844212425174191594e-05
8.802821685094386339e-05
8.761178469285368919e-05
8.719890320207923651e-05
8.679210441187024117e-05
8.638844883535057306e-05
8.598196291131898761e-05
8.558141416870057583e-05
8.518445974914357066e-05
8.478864765493199229e-05
8.439936209470033646e-05
8.401028026128187776e-05
8.362351218238472939e-05
8.323752263095229864e-05
8.285795775009319186e-05
8.247988444054499269e-05
8.210023952415212989e-05
8.172840898623690009e-05
8.135754615068435669e-05
8.098858234006911516e-05
8.062135748332366347e-05
8.025865827221423388e-05
7.989675941644236445e-05
7.953951717354357243e-05
7.918611663626506925e-05
7.883277430664747953e-05
7.848404493415728211e-05
7.813551928848028183e-05
7.779095903970301151e-05
7.744814502075314522e-05
7.710772479185834527e-05
7.676843233639374375e-05
7.643031131010502577e-05
7.609354361193254590e-05
7.576240022899582982e-05
7.543659739894792438e-05
7.510875002481043339e-05
7.478395855287089944e-05
7.445992378052324057e-05
7.413688581436872482e-05
7.381933392025530338e-05
7.350152009166777134e-05
7.318821735680103302e-05
7.287643529707565904e-05
7.256305980263277888e-05
7.225413719424977899e-05
7.194625504780560732e-05
7.164313137764111161e-05
7.134183397283777595e-05
7.103793905116617680e-05
7.073901360854506493e-05
7.044462836347520351e-05
7.014756556600332260e-05
6.985460640862584114e-05
6.956372817512601614e-05
6.927281356183812022e-05
6.898512947373092175e-05
6.869869685033336282e-05
6.841766298748552799e-05
6.813151412643492222e-05
6.785256846342235804e-05
6.757472147000953555e-05
6.729840970365330577e-05
6.702187965856865048e-05
6.674642645521089435e-05
6.647599366260692477e-05
6.620591739192605019e-05
6.593688158318400383e-05
6.566915544681251049e-05
6.540408503497019410e-05
6.514097913168370724e-05
6.487910286523401737e-05
6.461753946496173739e-05
6.435750401578843594e-05
6.410104833776131272e-05
6.384570588124915957e-05
6.358993414323776960e-05
6.333882629405707121e-05
6.308886077022179961e-05
6.283933180384337902e-05
6.259056681301444769e-05
6.234519241843372583e-05
6.209865387063473463e-05
6.185439997352659702e-05
6.161301280371844769e-05
6.137236050562933087e-05
6.113336712587624788e-05
6.089380622142925858e-05
6.065766501706093550e-05
6.042393215466290712e-05
6.018846761435270309e-05
5.995663377689197659e-05
5.972463986836373806e-05
5.949437036179006100e-05
5.926842641201801598e-05
5.904171121073886752e-05
5.881432298338040709e-05
5.859110751771368086e-05
5.836857235408388078e-05
5.814563701278530061e-05
5.792585943709127605e-05
5.770651478087529540e-05
5.748727562604472041e-05
5.727163079427555203e-05
5.705561852664686739e-05
5.684049392584711313e-05
5.662754847435280681e-05
5.641731331706978381e-05
5.620633237413130701e-05
5.599623546004295349e-05
5.578824129770509899e-05
5.558110569836571813e-05
5.537472679861821234e-05
5.517087993212044239e-05
5.496737503563053906e-05
5.476327714859507978e-05
5.456330472952686250e-05
5.436291394289582968e-05
5.416390922619029880e-05
5.396494088927283883e-05
5.376824628910981119e-05
5.357333429856225848e-05
5.338036862667649984e-05
5.318488911143504083e-05
5.299298209138214588e-05
5.280216646497137845e-05
5.261201295070350170e-05
5.242376209935173392e-05
5.223343396210111678e-05
5.204562330618500710e-05
5.186199268791824579e-05
5.167544077266938984e-05
5.149028584128245711e-05
5.130793579155579209e-05
5.112522194394841790e-05
5.094485095469281077e-05
5.076482921140268445e-05
5.058489477960392833e-05
5.040624091634526849e-05
5.022834375267848372e-05
5.005287675885483623e-05
4.987707870895974338e-05
4.970313602825626731e-05
4.952658855472691357e-05
4.935491233482025564e-05
4.918343984172679484e-05
4.901318607153370976e-05
4.884101508650928736e-05
4.867052848567254841e-05
4.850334153161384165e-05
4.833678394788876176e-05
4.816864020540378988e-05
4.800329043064266443e-05
4.783795156981796026e-05
4.767502832692116499e-05
4.751035157823935151e-05
4.734829781227745116e-05
4.718776108347810805e-05
4.702643491327762604e-05
4.686638567363843322e-05
4.670821363106369972e-05
4.655001612263731658e-05
4.639293183572590351e-05
4.623621498467400670e-05
4.608050221577286720e-05
4.592559707816690207e-05
4.577303116093389690e-05
4.561985406326130033e-05
4.546714626485481858e-05
4.531646845862269402e-05
4.516448098002001643e-05
4.501374496612697840e-05
4.486359466682188213e-05
4.471454303711652756e-05
4.456699753063730896e-05
4.441964483703486621e-05
4.427345265867188573e-05
4.412582347868010402e-05
4.398071541800163686e-05
4.383677878649905324e-05
4.369347516330890357e-05
4.355044075055047870e-05
4.340802843216806650e-05
4.326629277784377337e-05
4.312549572205170989e-05
4.298472413211129606e-05
4.284544775146059692e-05
4.270668068784289062e-05
4.256779720890335739e-05
4.243103103362955153e-05
4.229447949910536408e-05
4.215834269416518509e-05
4.202229683869518340e-05
4.188815364614129066e-05
4.175467256573028862e-05
4.162119148531928658e-05
4.148928201175294816e-05
4.135665585636161268e-05
4.122476093471050262e-05
4.109420842723920941e-05
4.096323391422629356e-05
4.083343810634687543e-05
4.070441354997456074e-05
4.057607657159678638e-05
4.044861270813271403e-05
4.032071592519059777e-05
4.019302286906167865e-05
4.006871677120216191e-05
3.994320286437869072e-05
3.981750342063605785e-05
3.969320823671296239e-05
3.957039734814316034e-05
3.944798663724213839e-05
3.932530671590939164e-05
3.920357266906648874e-05
3.908132202923297882e-05
3.896040288964286447e-05
3.883974204654805362e-05
3.872035085805691779e-05
3.860024298774078488e-05
3.848256892524659634e-05
3.836486575892195106e-05
3.824840678134933114e-05
3.813128205365501344e-05
3.801390266744419932e-05
3.789760376093909144e-05
3.778164682444185019e-05
3.766806548810563982e-05
3.755417856154963374e-05
3.743963679880835116e-05
3.732562254299409688e-05
3.721395114553160965e-05
3.710134842549450696e-05
3.698930231621488929e-05
3.687755452119745314e-05
3.676574851851910353e-05
3.665639815153554082e-05
3.654682586784474552e-05
3.643739910330623388e-05
3.632884909166023135e-05
3.622034637373872101e-05
3.611214924603700638e-05
3.600429045036435127e-05
3.589811240090057254e-05
3.579129406716674566e-05
3.568515239749103785e-05
3.557964009814895689e-05
3.547432424966245890e-05
3.537101656547747552e-05
3.526559885358437896e-05
3.516307333484292030e-05
3.505978384055197239e-05
3.495724740787409246e-05
3.485485649434849620e-05
3.475267294561490417e-05
3.465108238742686808e-05
3.455152909737080336e-05
3.445021138759329915e-05
3.435047983657568693e-05
3.425170143600553274e-05
3.415209357626736164e-05
3.405329334782436490e-05
3.395506064407527447e-05
3.385732634342275560e-05
3.375987580511718988e-05
3.366294185980223119e-05
3.356604429427534342e-05
3.346988523844629526e-05
3.337431553518399596e-05
3.327840749989263713e-05
3.318342714919708669e-05
3.308873783680610359e-05
3.299576201243326068e-05
3.290109452791512012e-05
3.280734017607755959e-05
3.271496098022907972e-05
3.262215614086017013e-05
3.252970418543554842e-05
3.243741230107843876e-05
3.234665200579911470e-05
3.225578257115557790e-05
3.216485856682993472e-05
3.207515328540466726e-05
3.198425474693067372e-05
3.189417111570946872e-05
3.180637577315792441e-05
3.171851858496665955e-05
3.162936263834126294e-05
3.154098158120177686e-05
3.145383016089908779e-05
3.136684608762152493e-05
3.128016396658495069e-05
3.119298708043061197e-05
3.110610850853845477e-05
3.102031041635200381e-05
3.093448322033509612e-05
3.084932541241869330e-05
3.076498614973388612e-05
3.068045043619349599e-05
3.059608570765703917e-05
3.051248131669126451e-05
3.042826938326470554e-05
3.034577821381390095e-05
3.026310150744393468e-05
3.018058669113088399e-05
3.009854299307335168e-05
3.001671029778663069e-05
2.993551970575936139e-05
2.985438550240360200e-05
2.977358599309809506e-05
2.969302113342564553e-05
2.961278005386702716e-05
2.953294097096659243e-05
2.945374035334680229e-05
2.937444151029922068e-05
2.929521360783837736e-05
2.921737359429243952e-05
2.913898606493603438e-05
2.906158260884694755e-05
2.898396633099764585e-05
2.890755604312289506e-05
2.882987610064446926e-05
2.875277459679637104e-05
2.867685361707117409e-05
2.860069616872351617e-05
2.852451871149241924e-05
2.844948539859615266e-05
2.837448482750914991e-05
2.829863842634949833e-05
2.822436181304510683e-05
2.815063999150879681e-05
2.807696182571817189e-05
2.800365109578706324e-05
2.793020394165068865e-05
2.785665492410771549e-05
2.778359339572489262e-05
2.771151775959879160e-05
2.763812335615511984e-05
2.756617686827667058e-05
2.749414852587506175e-05
2.742261131061241031e-05
2.735163070610724390e-05
2.728104300331324339e-05
2.720996963034849614e-05
2.713991125347092748e-05
2.707009116420522332e-05
2.700073673622682691e-05
2.693076021387241781e-05
2.686155312403570861e-05
2.679246244952082634e-05
2.672391201485879719e-05
2.665468491613864899e-05
2.658680932654533535e-05
2.651865361258387566e-05
2.645071617735084146e-05
2.638425212353467941e-05
2.631673305586446077e-05
2.624935586936771870e-05
2.618264625198207796e-05
2.611586387502029538e-05
2.604988185339607298e-05
2.598408900666981936e-05
2.591851807665079832e-05
2.585320180514827371e-05
2.578697058197576553e-05
2.572289122326765209e-05
2.565834438428282738e-05
2.559328277129679918e-05
2.552869227656628937e-05
2.546492032706737518e-05
2.540095192671287805e-05
2.533800216042436659e-05
2.527467404433991760e-05
2.521118403819855303e-05
2.514886546123307198e-05
2.508633770048618317e-05
2.502388451830483973e-05
2.496129309292882681e-05
2.489949656592216343e-05
2.483789467078167945e-05
2.477652378729544580e-05
2.471518018865026534e-05
2.465402576490305364e-05
2.459309507685247809e-05
2.453287015669047832e-05
2.447210681566502899e-05
2.441213655401952565e-05
2.435217538732104003e-05
2.429294909234158695e-05
2.423331352474633604e-05
2.417429459455888718e-05
2.411528475931845605e-05
2.405620944045949727e-05
2.399773256911430508e-05
2.393941940681543201e-05
2.388107168371789157e-05
2.382310776738449931e-05
2.376552583882585168e-05
2.370779111515730619e-05
2.365048203500919044e-05
2.359347672609146684e-05
2.353666059207171202e-05
2.347995541640557349e-05
2.342303923796862364e-05
2.336702164029702544e-05
2.331104769837111235e-05
2.325461900909431279e-05
2.319903433090075850e-05
2.314361336175352335e-05
2.308809780515730381e-05
2.303292603755835444e-05
2.297812352480832487e-05
2.292315548402257264e-05
2.286886410729493946e-05
2.281464185216464102e-05
2.276031955261714756e-05
2.270631739520467818e-05
2.265307375637348741e-05
2.259932989545632154e-05
2.254547689517494291e-05
2.249240969831589609e-05
2.243925155198667198e-05
2.238631350337527692e-05
2.233405757579021156e-05
2.228126868430990726e-05
2.222897819592617452e-05
2.217727160314098001e-05
2.212493745901156217e-05
2.207327452197205275e-05
2.202184623456560075e-05
2.197057256125845015e-05
2.191907333326525986e-05
2.186767414968926460e-05
2.181664240197278559e-05
2.176634006900712848e-05
2.171569030906539410e-05
2.166541526094079018e-05
2.161537304345984012e-05
2.156533810193650424e-05
2.151568151020910591e-05
2.146563383575994521e-05
2.141639379260595888e-05
2.136713737854734063e-05
2.131797918991651386e-05
2.126870822394266725e-05
2.121976831404026598e-05
2.117113581334706396e-05
2.112298170686699450e-05
2.107436012011021376e-05
2.102636790368705988e-05
2.097819196933414787e-05
2.093036528094671667e-05
2.088275869027711451e-05
2.083524123008828610e-05
2.078791294479742646e-05
2.074108851957134902e-05
2.069423499051481485e-05
2.064729596895631403e-05
2.059996404568664730e-05
2.055349796137306839e-05
2.050719558610580862e-05
2.046088411589153111e-05
2.041472907876595855e-05
2.036883051914628595e-05
2.032274824159685522e-05
2.027734990406315774e-05
2.023149500018917024e-05
2.018627674260642380e-05
2.014127676375210285e-05
2.009612762776669115e-05
2.005127316806465387e-05
2.000624772335868329e-05
1.996186801989097148e-05
1.991750468732789159e-05
1.987276118597947061e-05
1.982885441975668073e-05
1.978505679289810359e-05
1.974062615772709250e-05
1.969726872630417347e-05
1.965349110832903534e-05
1.961023554031271487e-05
1.956696905835997313e-05
1.952401362359523773e-05
1.948053250089287758e-05
1.943757888511754572e-05
1.939538924489170313e-05
1.935283398779574782e-05
1.930995495058596134e-05
1.926772165461443365e-05
1.922534829645883292e-05
1.918321140692569315e-05
1.914176937134470791e-05
1.909984348458237946e-05
1.905774297483731061e-05
1.901637006085366011e-05
1.897497531899716705e-05
1.893359149107709527e-05
1.889253326226025820e-05
1.885193341877311468e-05
1.881093703559599817e-05
1.876988062576856464e-05
1.872967550298199058e-05
1.868929575721267611e-05
1.864900877990294248e-05
1.860876363934949040e-05
1.856875860539730638e-05
1.852837885962799191e-05
1.848826104833278805e-05
1.844847429310902953e-05
1.840954791987314820e-05
1.837019044614862651e-05
1.833059104683343321e-05
1.829066422942560166e-05
1.825168146751821041e-05
1.821300611482001841e-05
1.817402153392322361e-05
1.813488415791653097e-05
1.809642344596795738e-05
1.805792635423131287e-05
1.801944745238870382e-05
1.798133598640561104e-05
1.794312265701591969e-05
1.790488204278517514e-05
1.786682696547359228e-05
1.782944309525191784e-05
1.779150261427275836e-05
1.775336022546980530e-05
1.771622737578582019e-05
1.767875619407277554e-05
1.764195440046023577e-05
1.760499981173779815e-05
1.756771598593331873e-05
1.753053584252484143e-05
1.749332659528590739e-05
1.745619192661251873e-05
1.742050517350435257e-05
1.738400715112220496e-05
1.734740362735465169e-05
1.731056909193284810e-05
1.727475319057703018e-05
1.723893910821061581e-05
1.720328691590111703e-05
1.716738916002213955e-05
1.713186793494969606e-05
1.709579555608797818e-05
1.706007788015995175e-05
1.702444387774448842e-05
1.698880441836081445e-05
1.695369064691476524e-05
1.691886245680507272e-05
1.688340853434056044e-05
1.684817652858328074e-05
1.681355752225499600e-05
1.677902037044987082e-05
1.674432132858783007e-05
1.670965866651386023e-05
1.667525611992459744e-05
1.664102092036046088e-05
1.660672387515660375e-05
1.657263055676594377e-05
1.653862273087725043e-05
1.650460762903094292e-05
1.647087083256337792e-05
1.643711402721237391e-05
1.640355912968516350e-05
1.637004243093542755e-05
1.633662213862407953e-05
1.630342740099877119e-05
1.627006713533774018e-05
1.623727803234942257e-05
1.620422517589759082e-05
1.617155066924169660e-05
1.613866152183618397e-05
1.610606341273523867e-05
1.607345257070846856e-05
1.604105636943131685e-05
1.600852192495949566e-05
1.597613299963995814e-05
1.594382774783298373e-05
1.591160980751737952e-05
1.587983024364802986e-05
1.584759047545958310e-05
1.581637116032652557e-05
1.578462070028763264e-05
1.575265559949912131e-05
1.572133442095946521e-05
1.568980951560661197e-05
1.565836464578751475e-05
1.562718716741073877e-05
1.559559677843935788e-05
1.556472852826118469e-05
1.553395668452139944e-05
1.550319211673922837e-05
1.547214560559950769e-05
1.544142105558421463e-05
1.541047458886168897e-05
1.537985008326359093e-05
1.534945113235153258e-05
1.531919588160235435e-05
1.528879511170089245e-05
1.525863626739010215e-05
1.522807360743172467e-05
1.519866054877638817e-05
1.516884549346286803e-05
1.513860297563951463e-05
1.510909351054579020e-05
1.507959223090438172e-05
1.504997726442525163e-05
1.502042141510173678e-05
1.499077552580274642e-05
1.496128970757126808e-05
1.493188210588414222e-05
1.490276736149098724e-05
1.487376266595674679e-05
1.484461972722783685e-05
1.481570507166907191e-05
1.478675949329044670e-05
1.475813405704684556e-05
1.472946132707875222e-05
1.470083770982455462e-05
1.467221318307565525e-05
1.464363867853535339e-05
1.461553711123997346e-05
1.458702990930760279e-05
1.455866004107519984e-05
1.453098684578435495e-05
1.450306808692403138e-05
1.447480281058233231e-05
1.444699955754913390e-05
1.441944368707481772e-05
1.439184325136011466e-05
1.436411912436597049e-05
1.433635770808905363e-05
1.430854626960353926e-05
1.428099858458153903e-05
1.425379286956740543e-05
1.422664809069829062e-05
1.419913223799085245e-05
1.417206203768728301e-05
1.414524376741610467e-05
1.411828088748734444e-05
1.409152264386648312e-05
1.406439514539670199e-05
1.403742771799443290e-05
1.401055305905174464e-05
1.398418407916324213e-05
1.395760045852512121e-05
1.393113961967173964e-05
1.390472789353225380e-05
1.387827524013118818e-05
1.385213454341283068e-05
1.382598384225275367e-05
1.379985042149201035e-05
1.377403168589808047e-05
1.374798830511281267e-05
1.372211227135267109e-05
1.369607707601971924e-05
1.367049299005884677e-05
1.364483796351123601e-05
1.361893555440474302e-05
1.359345151286106557e-05
1.356809116259682924e-05
1.354266714770346880e-05
1.351733772025909275e-05
1.349224294244777411e-05
1.346686349279480055e-05
1.344189513474702835e-05
1.341673032584367320e-05
1.339189475402235985e-05
1.336707919108448550e-05
1.334231455984991044e-05
1.331736348220147192e-05
1.329264887317549437e-05
1.326798519585281610e-05
1.324336790275992826e-05
1.321896070294314995e-05
1.319445800618268549e-05
1.317008536716457456e-05
1.314558267040411010e-05
1.312127824348863214e-05
1.309751132794190198e-05
1.307316779275424778e-05
1.304877696384210140e-05
1.302498094446491450e-05
1.300121948588639498e-05
1.297726157645229250e-05
1.295356560149230063e-05
1.292994875257136300e-05
1.290586715185781941e-05
1.288219391426537186e-05
1.285868711420334876e-05
1.283521396544529125e-05
1.281151799048529938e-05
1.278815580008085817e-05
1.276504553970880806e-05
1.274186706723412499e-05
1.271846849704161286e-05
1.269566291739465669e-05
1.267265270143980160e-05
1.264961974811740220e-05
1.262658770428970456e-05
1.260379031009506434e-05
1.258060365216806531e-05
1.255810730071971193e-05
1.253547998203430325e-05
1.251264075108338147e-05
1.249011256732046604e-05
1.246768806595355272e-05
1.244542909262236208e-05
1.242291273229056969e-05
1.240067740582162514e-05
1.237805918208323419e-05
1.235569834534544498e-05
1.233346665685530752e-05
1.231152691616443917e-05
1.228919518325710669e-05
1.226738004334038123e-05
1.224557490786537528e-05
1.222356695507187396e-05
1.220175181515514851e-05
1.218001307279337198e-05
1.215806514665018767e-05
1.213631821883609518e-05
1.211491962749278173e-05
1.209337915497599170e-05
1.207164132210891694e-05
1.205024273076560348e-05
1.202898329211166129e-05
1.200753558805445209e-05
1.198612244479591027e-05
1.196497578348498791e-05
1.194370815937872976e-05
1.192269519378896803e-05
1.190156217489857227e-05
1.188039095723070204e-05
1.185948713100515306e-05
1.183846234198426828e-05
1.181761581392493099e-05
1.179686569230398163e-05
1.177605918201152235e-05
1.175544002762762830e-05
1.173490363726159558e-05
1.171431813418166712e-05
1.169369079434545711e-05
1.167334085039328784e-05
1.165266439784318209e-05
1.163237357104662806e-05
1.161209547717589885e-05
1.159187831945018843e-05
1.157163933385163546e-05
1.155139034381136298e-05
1.153126413555582985e-05
1.151121068687643856e-05
1.149109084508381784e-05
1.147111925092758611e-05
1.145113765232963488e-05
1.143118879554094747e-05
1.141142274718731642e-05
1.139202504418790340e-05
1.137218714575283229e-05
1.135228285420453176e-05
1.133268960984423757e-05
1.131316457758657634e-05
1.129384054365800694e-05
1.127431642089504749e-05
1.125488597608637065e-05
1.123527181334793568e-05
1.121589866670547053e-05
1.119656280934577808e-05
1.117753163271117955e-05
1.115844679588917643e-05
1.113929192797513679e-05
1.111968776967842132e-05
1.110065204557031393e-05
1.108177002606680617e-05
1.106279705709312111e-05
1.104391321860020980e-05
1.102496480598347262e-05
1.100615281757200137e-05
1.098748361982870847e-05
1.096878531825495884e-05
1.094996332540176809e-05
1.093133778340416029e-05
1.091261947294697165e-05
1.089439501811284572e-05
1.087583950720727444e-05
1.085719486582092941e-05
1.083883034880273044e-05
1.082031121768523008e-05
1.080201036529615521e-05
1.078390141628915444e-05
1.076571516023250297e-05
1.074740066542290151e-05
1.072932172974105924e-05
1.071114820661023259e-05
1.069303289114031941e-05
1.067493212758563459e-05
1.065711603587260470e-05
1.063912532117683440e-05
1.062107912730425596e-05
1.060325757862301543e-05
1.058537600329145789e-05
1.056775272445520386e-05
1.054992571880575269e-05
1.053232699632644653e-05
1.051469007506966591e-05
1.049709408107446507e-05
1.047949263011105359e-05
1.046212673827540129e-05
1.044481541612185538e-05
1.042735584633192047e-05
1.040981351252412423e-05
1.039240942191099748e-05
1.037500715028727427e-05
1.035782952385488898e-05
1.034062916005495936e-05
1.032347972795832902e-05
1.030640396493254229e-05
1.028941551339812577e-05
1.027226517180679366e-05
1.025548772304318845e-05
1.023835648084059358e-05
1.022120613924926147e-05
1.020449508359888569e-05
1.018766943161608651e-05
1.017093745758756995e-05
1.015432098938617855e-05
1.013741166389081627e-05
1.012073971651261672e-05
1.010399228107417002e-05
1.008726121654035524e-05
1.007094579108525068e-05
1.005451667879242450e-05
1.003782017505727708e-05
1.002111457637511194e-05
1.000485826807562262e-05
9.988507372327148914e-06
9.972320185624994338e-06
9.956169378710910678e-06
9.939868505171034485e-06
9.923511242959648371e-06
9.907125786412507296e-06
9.890959518088493496e-06
9.874645002128090709e-06
9.858606972557026893e-06
9.842703548201825470e-06
9.826593668549321592e-06
9.810473784455098212e-06
9.794792276807129383e-06
9.778776984603609890e-06
9.762924491951707751e-06
9.747063813847489655e-06
9.731189493322744966e-06
9.715436135593336076e-06
9.699796464701648802e-06
9.684179531177505851e-06
9.668619895819574594e-06
9.652919288782868534e-06
9.637163202569354326e-06
9.621799108572304249e-06
9.606250387150794268e-06
9.590665285941213369e-06
9.575238436809740961e-06
9.559986210661008954e-06
9.544599379296414554e-06
9.529356248094700277e-06
9.513980330666527152e-06
9.498763574811164290e-06
9.483674148214049637e-06
9.468376447330228984e-06
9.453253369429148734e-06
9.438138476980384439e-06
9.423194569535553455e-06
9.407984180143103004e-06
9.392872016178444028e-06
9.377956303069368005e-06
9.363116078020539135e-06
9.348195817437954247e-06
9.333257366961333901e-06
9.318475349573418498e-06
9.303742444899398834e-06
9.288649380323477089e-06
9.274028343497775495e-06
9.259394573746249080e-06
9.244776265404652804e-06
9.230197974829934537e-06
9.215561476594302803e-06
9.201015927828848362e-06
9.186657734971959144e-06
9.172080353891942650e-06
9.157442036666907370e-06
9.143079296336509287e-06
9.128625606535933912e-06
9.114106433116830885e-06
9.099740054807625711e-06
9.085290002985857427e-06
9.070962732948828489e-06
9.056830094777978957e-06
9.042579222295898944e-06
9.028474778460804373e-06
9.014198440127074718e-06
9.000299542094580829e-06
8.986209650174714625e-06
8.972086106950882822e-06
8.958045327744912356e-06
8.943995453591924161e-06
8.930011972552165389e-06
8.916014849091880023e-06
8.902085028239525855e-06
8.888295269571244717e-06
8.874374543665908277e-06
8.860761226969771087e-06
8.846879609336610883e-06
8.833027095533907413e-06
8.819334652798715979e-06
8.805574907455593348e-06
8.792017069936264306e-06
8.778482879279181361e-06
8.764784070081077516e-06
8.751180757826659828e-06
8.737686584936454892e-06
8.724316103325691074e-06
8.710803740541450679e-06
8.697114026290364563e-06
8.683922715135850012e-06
8.670580427860841155e-06
8.657238140585832298e-06
8.643964065413456410e-06
8.630502634332515299e-06
8.617233106633648276e-06
8.603874448454007506e-06
8.590621291659772396e-06
8.577619155403226614e-06
8.564506060793064535e-06
8.551174687454476953e-06
8.537815119780134410e-06
8.524830263922922313e-06
8.511883606843184680e-06
8.498809620505198836e-06
8.485878424835391343e-06
8.472863555653020740e-06
8.459879609290510416e-06
8.447079380857758224e-06
8.434266419499181211e-06
8.421357961196918041e-06
8.408435860474128276e-06
8.395646545977797359e-06
8.382895430258940905e-06
8.370292562176473439e-06
8.357381375390104949e-06
8.344738489540759474e-06
8.332075594807974994e-06
8.319498192577157170e-06
8.307018106279429048e-06
8.294311555800959468e-06
8.281704140244983137e-06
8.269201316579710692e-06
8.256592991529032588e-06
8.244146556535270065e-06
8.231682841142173856e-06
8.219320989155676216e-06
8.206925485865212977e-06
8.194442671083379537e-06
8.182223609765060246e-06
8.169814464054070413e-06
8.157488082360941917e-06
8.145375431922730058e-06
8.133010851452127099e-06
8.120699021674226969e-06
8.108640031423419714e-06
8.096434612525627017e-06
8.084347427939064801e-06
8.072135642578359693e-06
8.060173058765940368e-06
8.048131348914466798e-06
8.036052349780220538e-06
8.024076123547274619e-06
8.012148100533522666e-06
8.000128218554891646e-06
7.988401193870231509e-06
7.976394044817425311e-06
7.964474207255989313e-06
7.952812666189856827e-06
7.940907380543649197e-06
7.929026651254389435e-06
7.917225957498885691e-06
7.905313395895063877e-06
7.893571819295175374e-06
7.881919373176060617e-06
7.870317858760245144e-06
7.858669960114639252e-06
7.847074812161736190e-06
7.835558790247887373e-06
7.823877240298315883e-06
7.812393960193730891e-06
7.800890671205706894e-06
7.789304618199821562e-06
7.777739483572077006e-06
7.766248018015176058e-06
7.754750185995362699e-06
7.743362402834463865e-06
7.731999176030512899e-06
7.720697794866282493e-06
7.709308192715980113e-06
7.698026820435188711e-06
7.686739081691484898e-06
7.675394954276271164e-06
7.664176337129902095e-06
7.652886779396794736e-06
7.641696356586180627e-06
7.630515028722584248e-06
7.619376447109971195e-06
7.608447049278765917e-06
7.597179319418501109e-06
7.586038918816484511e-06
7.575126346637262031e-06
7.564142833871301264e-06
7.553157956863287836e-06
7.542111234215553850e-06
7.531078153988346457e-06
7.520236977143213153e-06
7.509466740884818137e-06
7.498519153159577399e-06
7.487506536563159898e-06
7.476542577933287248e-06
7.465658654837170616e-06
7.455119884980376810e-06
7.444327820849139243e-06
7.433327027683844790e-06
7.422578619298292324e-06
7.411909336951794103e-06
7.401094990200363100e-06
7.390491191472392529e-06
7.379739145108032972e-06
7.369118520728079602e-06
7.358343282248824835e-06
7.347937753365840763e-06
7.337414899666327983e-06
7.326794730033725500e-06
7.316137271118350327e-06
7.305715371330734342e-06
7.295304840226890519e-06
7.284830644493922591e-06
7.274407835211604834e-06
7.263955922098830342e-06
7.253599960677092895e-06
7.243173513415968046e-06
7.232699317683000118e-06
7.222360636660596356e-06
7.211995580291841179e-06
7.201686003099894151e-06
7.191426448116544634e-06
7.181051387306069955e-06
7.170804565248545259e-06
7.160685527196619660e-06
7.150487363105639815e-06
7.140299203456379473e-06
7.130176072678295895e-06
7.119999736460158601e-06
7.109851139830425382e-06
7.099700269463937730e-06
7.089610789989819750e-06
7.079584520397474989e-06
7.069507773849181831e-06
7.059525160002522171e-06
7.049540727166458964e-06
7.039556749077746645e-06
7.029583230178104714e-06
7.019668373686727136e-06
7.009801265667192638e-06
6.999842298682779074e-06
6.989940175117226318e-06
6.980009402468567714e-06
6.970212325541069731e-06
6.960420705581782386e-06
6.950639999558916315e-06
6.940915227460209280e-06
6.931163625267799944e-06
6.921463409526040778e-06
6.911674972798209637e-06
6.902105269546154886e-06
6.892246346978936344e-06
6.882620709802722558e-06
6.872957783343736082e-06
6.863256658107275143e-06
6.853609193058218807e-06
6.843979917903197929e-06
6.834447049186564982e-06
6.824888714618282393e-06
6.815343567723175511e-06
6.805899829487316310e-06
6.796341949666384608e-06
6.786824087612330914e-06
6.777399448765208945e-06
6.767902050341945142e-06
6.758508789062034339e-06
6.749097792635438964e-06
6.739765922247897834e-06
6.730335371685214341e-06
6.720925739500671625e-06
6.711669357173377648e-06
6.702334303554380313e-06
6.693042905681068078e-06
6.683791980321984738e-06
6.674582436971832067e-06
6.665238743153167889e-06
6.655982360825873911e-06
6.646825113421073183e-06
6.637643309659324586e-06
6.628368282690644264e-06
6.619296527787810192e-06
6.610221589653519914e-06
6.601124823646387085e-06
6.592017598450183868e-06
6.582910828001331538e-06
6.573790415131952614e-06
6.564743671333417296e-06
6.555648724315688014e-06
6.546752047142945230e-06
6.537698936881497502e-06
6.528675839945208281e-06
6.519515409308951348e-06
6.510710591101087630e-06
6.501728421426378191e-06
6.492822194559266791e-06
6.483905508503085002e-06
6.475058853538939729e-06
6.466105332947336137e-06
6.457366907852701843e-06
6.448543899750802666e-06
6.439773642341606319e-06
6.430900157283758745e-06
6.422081241908017546e-06
6.413376468117348850e-06
6.404629857570398599e-06
6.395856871677096933e-06
6.387142093444708735e-06
6.378526450134813786e-06
6.369829861796461046e-06
6.361161013046512380e-06
6.352508080453844741e-06
6.343860150082036853e-06
6.335229500109562650e-06
6.326706170511897653e-06
6.318172381725162268e-06
6.309495802270248532e-06
6.300986115093110129e-06
6.292430043686181307e-06
6.283793936745496467e-06
6.275400664890184999e-06
6.266864602366695181e-06
6.258428584260400385e-06
6.249977559491526335e-06
6.241541086637880653e-06
6.233166914171306416e-06
6.224795015441486612e-06
6.216339897946454585e-06
6.207963451743125916e-06
6.199556537467287853e-06
6.191276952449698001e-06
6.182878223626175895e-06
6.174638201628113165e-06
6.166354523884365335e-06
6.158085852803196758e-06
6.149643013486638665e-06
6.141511221358086914e-06
6.133190709078917280e-06
6.125046638771891594e-06
6.116906661191023886e-06
6.108755769673734903e-06
6.100497103034285828e-06
6.092231160437222570e-06
6.084215783630497754e-06
6.076049885450629517e-06
6.067959475331008434e-06
6.059795850887894630e-06
6.051737273082835600e-06
6.043705070624127984e-06
6.035590104147559032e-06
6.027553808962693438e-06
6.019633929099654779e-06
6.011671302985632792e-06
6.003602720738854259e-06
5.995644187350990251e-06
5.987536951579386368e-06
5.979634352115681395e-06
5.971889549982734025e-06
5.963914645690238103e-06
5.955947926850058138e-06
5.948058969806879759e-06
5.940203664067666978e-06
5.932372914685402066e-06
5.924546712776646018e-06
5.916644568060291931e-06
5.908800631004851311e-06
5.900983978790463880e-06
5.893366051168413833e-06
5.885513928660657257e-06
5.877774128748569638e-06
5.869977485417621210e-06
5.862284524482674897e-06
5.854598839505342767e-06
5.846949989063432440e-06
5.839134246343746781e-06
5.831459475302835926e-06
5.823786068503977731e-06
5.816118573420681059e-06
5.808382411487400532e-06
5.800828148494474590e-06
5.793245691165793687e-06
5.785643224953673780e-06
5.778069862572010607e-06
5.770476491306908429e-06
5.762885848525911570e-06
5.755378879257477820e-06
5.747893737861886621e-06
5.740375854657031596e-06
5.732831596105825156e-06
5.725406481360550970e-06
5.717959993489785120e-06
5.710387085855472833e-06
5.702995622414164245e-06
5.695519575965590775e-06
5.688103556167334318e-06
5.680734830093570054e-06
5.673384748661192134e-06
5.665981007041409612e-06
5.658654572471277788e-06
5.651198534906143323e-06
5.643911208608187735e-06
5.636590685753617436e-06
5.629235602100379765e-06
5.621975105896126479e-06
5.614660040009766817e-06
5.607332241197582334e-06
5.600079020950943232e-06
5.592878096649656072e-06
5.585623512160964310e-06
5.578425316343782470e-06
5.571197107201442122e-06
5.564094408327946439e-06
5.556821633945219219e-06
5.549636171053862199e-06
5.542604867514455691e-06
5.535436230275081471e-06
5.528250312636373565e-06
5.521173534361878410e-06
5.514034000952960923e-06
5.507065907295327634e-06
5.499940016306936741e-06
5.492796844919212162e-06
5.485764631885103881e-06
5.478779712575487792e-06
5.471795702760573477e-06
5.464743480843026191e-06
5.457694896904285997e-06
5.450663138617528602e-06
5.443596819532103837e-06
5.436754690890666097e-06
5.429868451756192371e-06
5.422862159321084619e-06
5.415865416580345482e-06
5.409044661064399406e-06
5.402160695666680112e-06
5.395291282184189186e-06
5.388314548326889053e-06
5.381511073210276663e-06
5.374549800762906671e-06
5.367709945858223364e-06
5.360927389119751751e-06
5.354089353204471990e-06
5.347274964151438326e-06
5.340431926015298814e-06
5.333688022801652551e-06
5.326939572114497423e-06
5.320180662238271907e-06
5.313439032761380076e-06
5.306730145093752071e-06
5.299960321281105280e-06
5.293231879477389157e-06
5.286525265546515584e-06
5.279884135234169662e-06
5.273135684547014534e-06
5.266500920697581023e-06
5.259841600491199642e-06
5.253158178675221279e-06
5.246599812380736694e-06
5.239980964688584208e-06
5.233281171967973933e-06
5.226715074968524277e-06
5.220151251705829054e-06
5.213608346821274608e-06
5.206993591855280101e-06
5.200445230002515018e-06
5.193931883695768192e-06
5.187365786696318537e-06
5.180904736334923655e-06
5.174385023565264419e-06
5.167807103134691715e-06
5.161320132174296305e-06
5.154776772542390972e-06
5.148451691638911143e-06
5.141950623510638252e-06
5.135507308295927942e-06
5.129033070261357352e-06
5.122593393025454134e-06
5.116302418173290789e-06
5.109871835884405300e-06
5.103448529553133994e-06
5.097082066640723497e-06
5.090781542094191536e-06
5.084380518383113667e-06
5.078080448583932593e-06
5.071707619208609685e-06
5.065459390607429668e-06
5.059113846073159948e-06
5.052763299318030477e-06
5.046474143455270678e-06
5.040169980929931626e-06
5.033988145441981032e-06
5.027702627558028325e-06
5.021437573304865509e-06
5.015211627323878929e-06
5.009050255466718227e-06
5.002797024644678459e-06
4.996614734409376979e-06
4.990322395315160975e-06
4.984188308299053460e-06
4.978023753210436553e-06
4.971802354702958837e-06
4.965718744642799720e-06
4.959682428307132795e-06
4.953490133630111814e-06
4.947366051055723801e-06
4.941266524838283658e-06
4.935120159643702209e-06
4.929079295834526420e-06
4.922964762954507023e-06
4.916862508252961561e-06
4.910845291306031868e-06
4.904756224277662113e-06
4.898736278846627101e-06
4.892743618256645277e-06
4.886670012638205662e-06
4.880697360931662843e-06
4.874734258919488639e-06
4.868732503382489085e-06
4.862688001594506204e-06
4.856785380979999900e-06
4.850799086852930486e-06
4.844842806051019579e-06
4.839004304812988266e-06
4.833048024011077359e-06
4.827062184631358832e-06
4.821209586225450039e-06
4.815264219359960407e-06
4.809390247828559950e-06
4.803498995897825807e-06
4.797712790605146438e-06
4.791820174432359636e-06
4.785929831996327266e-06
4.780134077009279281e-06
4.774351054948056117e-06
4.768435701407724991e-06
4.762716343975625932e-06
4.756899670610437170e-06
4.751163032779004425e-06
4.745313162857200950e-06
4.739530595543328673e-06
4.733803507406264544e-06
4.728113708551973104e-06
4.722341145679820329e-06
4.716635430668247864e-06
4.710953362518921494e-06
4.705213541456032544e-06
4.699496457760687917e-06
4.693801656685536727e-06
4.688074113801121712e-06
4.682282906287582591e-06
4.676690423366380855e-06
4.671110218623653054e-06
4.665456799557432532e-06
4.659772457671351731e-06
4.654132681025657803e-06
4.648544745577964932e-06
4.642942258215043694e-06
4.637348865799140185e-06
4.631722731573972851e-06
4.626088866643840447e-06
4.620612799044465646e-06
4.615064426616299897e-06
4.609431016433518380e-06
4.603883098752703518e-06
4.598384748533135280e-06
4.592810910253319889e-06
4.587334842653945088e-06
4.581786015478428453e-06
4.576289029500912875e-06
4.570807050185976550e-06
4.565338258544215932e-06
4.559814442472998053e-06
4.554389306576922536e-06
4.548889137367950752e-06
4.543448994809295982e-06
4.538073426374467090e-06
4.532652383204549551e-06
4.527226337813772261e-06
4.521809842117363587e-06
4.516424269240815192e-06
4.511014594754669815e-06
4.505603556026471779e-06
4.500329396250890568e-06
4.494919267017394304e-06
4.489464572543511167e-06
4.484176770347403362e-06
4.478861228562891483e-06
4.473445187613833696e-06
4.468189672479638830e-06
4.462800006876932457e-06
4.457522209122544155e-06
4.452277153177419677e-06
4.447028914000838995e-06
4.441725650394801050e-06
4.436462404555641115e-06
4.431230991031043231e-06
4.425911356520373374e-06
4.420664481585845351e-06
4.415433522808598354e-06
4.410178462421754375e-06
4.404971150506753474e-06
4.399713361635804176e-06
4.394503775984048843e-06
4.389331024867715314e-06
4.384199201012961566e-06
4.378984158392995596e-06
4.373793672129977494e-06
4.368640929897082970e-06
4.363429980003274977e-06
4.358277692517731339e-06
4.353194526629522443e-06
4.348103175288997591e-06
4.342965894466033205e-06
4.337809514254331589e-06
4.332685421104542911e-06
4.327647275204071775e-06
4.322599124861881137e-06
4.317509592510759830e-06
4.312387318350374699e-06
4.307369181333342567e-06
4.302319666749099270e-06
4.297259238228434697e-06
4.292261110094841570e-06
4.287181582185439765e-06
4.282095687813125551e-06
4.277167590771568939e-06
4.272119440429378301e-06
4.267088115739170462e-06
4.262149559508543462e-06
4.257188265910372138e-06
4.252245616953587160e-06
4.247295237291837111e-06
4.242318482283735648e-06
4.237256689521018416e-06
4.232383162161568180e-06
4.227342287776991725e-06
4.222427378408610821e-06
4.217572950437897816e-06
4.212613930576480925e-06
4.207662641420029104e-06
4.202830950816860422e-06
4.197898306301794946e-06
4.193087534076767042e-06
4.188206276012351736e-06
4.183344117336673662e-06
4.178461495030205697e-06
4.173545221419772133e-06
4.168691702943760902e-06
4.163942776358453557e-06
4.159085165156284347e-06
